50
0 67 34 40 61 28 19 52 64 58 64 64 -1 46 31 67 64 37 49 55 55 16 49 46 10 67 25 31 22 58 55 28 58 31 10 40 16 25 52 43 13 22 52 64 -1 46 67 52 13 64
46 0 58 37 37 16 22 52 67 64 31 46 55 -1 55 28 10 31 28 46 58 19 16 19 34 -1 13 31 34 46 67 25 31 19 55 28 31 -1 25 61 58 10 43 19 52 28 25 52 43 22
49 58 0 10 37 10 37 25 52 31 37 19 10 -1 25 61 34 64 43 52 -1 67 40 58 25 25 22 19 34 13 67 28 34 61 19 37 22 55 37 13 67 40 46 43 16 31 25 13 31 34
13 46 49 0 61 34 64 46 43 25 40 49 58 13 34 46 40 13 49 49 61 16 34 13 61 43 31 46 10 67 55 58 19 40 28 55 67 19 31 49 43 64 55 28 58 46 49 46 49 28
55 34 64 28 0 61 40 10 28 25 46 46 34 34 40 10 28 46 40 -1 34 22 31 22 19 22 58 37 31 25 52 31 -1 61 28 37 37 37 40 58 28 25 49 40 10 13 67 67 10 10
37 34 19 55 28 0 25 64 40 13 22 -1 67 64 64 13 -1 25 46 67 52 31 25 40 61 13 13 19 28 25 -1 52 46 19 55 16 16 25 67 25 37 43 40 13 55 31 22 40 34 37
19 61 19 52 16 19 0 58 64 46 22 28 25 67 22 10 25 19 61 34 46 31 -1 67 25 55 -1 37 52 22 16 34 64 67 16 55 16 49 61 19 52 16 49 49 67 55 58 43 61 19
64 43 40 40 34 52 40 0 34 46 46 31 -1 31 49 16 34 49 40 10 13 58 16 10 49 19 34 61 22 13 -1 43 31 28 64 31 58 19 67 -1 34 22 10 40 58 13 19 37 61 10
28 67 46 43 13 34 16 37 0 16 10 37 43 34 55 46 49 19 37 13 16 13 58 13 -1 13 52 28 67 55 -1 64 37 10 10 67 58 43 -1 25 46 16 37 16 25 49 40 28 40 22
25 64 46 43 61 31 46 61 40 0 25 61 37 52 40 52 61 64 37 61 34 25 10 22 46 61 10 22 52 40 13 61 43 10 34 -1 49 10 31 58 67 46 13 43 40 52 49 64 22 40
58 22 16 49 37 58 28 52 64 46 0 16 31 64 31 46 22 67 25 49 37 -1 31 67 28 43 10 31 10 64 34 43 43 37 46 10 16 28 34 10 49 49 22 40 16 64 64 16 55 34
64 16 43 55 25 16 58 19 55 37 55 0 64 37 13 49 46 34 16 28 10 55 61 49 19 40 13 16 58 55 10 25 34 58 49 37 22 28 34 40 16 61 46 43 31 67 52 61 25 67
28 13 19 37 34 22 -1 58 67 52 22 19 0 25 37 64 58 34 61 31 55 31 46 37 31 43 19 58 31 49 31 -1 28 34 58 55 49 58 28 55 19 31 61 37 61 31 46 37 16 61
-1 19 19 49 19 40 16 28 49 13 16 40 25 0 37 43 58 19 40 67 52 -1 28 11 64 40 67 61 52 28 31 43 43 64 43 43 13 58 37 25 55 55 -1 49 61 43 43 61 28 58
49 37 67 19 67 61 10 43 22 52 49 37 34 40 0 67 46 10 55 58 67 58 34 64 19 10 13 13 19 22 61 43 61 25 34 46 28 67 31 34 55 -1 31 61 19 19 40 28 64 -1
10 13 43 25 37 22 40 40 43 55 46 55 43 22 10 0 19 10 19 58 13 52 16 55 43 55 19 28 13 49 22 28 43 55 55 10 37 67 19 34 28 64 37 16 55 61 34 16 37 31
64 64 13 49 -1 34 61 67 40 28 19 49 -1 13 10 31 0 37 52 67 52 31 25 31 13 61 52 52 49 13 40 19 22 58 31 40 10 -1 28 13 37 52 55 61 10 34 28 19 46 31
16 61 67 58 64 64 58 52 28 58 13 58 -1 61 22 37 -1 0 64 13 22 37 37 40 13 22 58 13 10 52 67 64 40 34 43 31 -1 31 55 28 61 58 67 10 16 46 19 49 43 31
25 31 58 64 43 34 10 25 10 46 37 31 61 13 10 61 61 49 0 19 43 31 37 46 43 10 40 46 67 40 67 49 37 19 16 13 31 25 40 49 67 31 58 64 16 19 25 43 37 34
64 -1 13 -1 22 46 31 37 22 13 31 55 43 43 34 16 61 49 37 0 46 67 58 58 10 16 -1 11 25 25 22 19 10 67 46 52 19 37 31 52 19 19 61 46 13 22 43 28 40 28
28 28 34 34 46 13 58 67 52 43 67 37 64 -1 22 52 46 37 31 10 0 10 13 22 64 -1 13 55 16 55 49 22 16 58 10 34 61 61 16 10 19 13 16 55 13 13 40 10 55 -1
-1 34 67 28 52 37 31 -1 34 28 61 -1 28 37 28 22 31 40 43 52 46 0 40 16 37 22 37 55 52 28 61 31 67 58 19 37 19 37 16 25 -1 25 49 61 25 64 46 40 61 52
-1 55 46 34 40 67 61 28 19 61 31 16 -1 11 19 46 25 43 10 40 28 13 0 34 67 25 16 -1 34 22 22 43 25 40 16 28 10 49 52 40 55 19 67 10 28 52 25 10 49 46
16 10 37 40 49 61 34 25 22 28 49 31 10 67 25 55 -1 61 64 67 34 34 22 0 22 43 55 58 25 -1 37 58 25 43 49 40 19 13 67 49 22 28 67 -1 19 1 31 10 64 25
34 61 16 19 67 46 -1 28 43 34 16 49 46 67 16 61 28 31 37 55 55 28 61 10 0 28 -1 34 19 25 13 40 61 13 34 37 55 -1 1 10 16 55 46 49 43 13 31 28 16 64
13 34 31 19 37 22 52 22 67 58 37 67 40 19 13 67 40 67 58 58 22 52 49 22 52 0 25 46 43 25 52 46 -1 46 25 31 37 46 31 28 13 49 46 22 10 67 55 -1 22 64
28 19 31 55 64 22 37 10 25 28 55 61 22 37 43 13 37 31 40 55 13 19 46 55 64 31 0 13 16 49 43 28 31 64 55 49 34 64 64 10 16 31 10 49 -1 55 67 19 49 16
43 16 -1 40 64 58 19 67 58 52 52 58 46 55 49 -1 49 52 16 49 28 16 67 58 34 58 58 0 67 1 -1 11 34 61 64 67 43 31 58 64 31 46 43 46 64 55 58 25 16 13
52 25 31 22 49 61 10 49 58 40 37 34 13 10 40 49 49 16 34 31 34 61 13 46 34 67 46 49 0 58 -1 64 64 13 34 19 55 61 25 13 34 37 67 25 40 61 -1 61 28 46
34 49 31 43 64 34 34 10 58 22 67 58 10 67 64 55 25 61 -1 49 19 67 34 34 43 31 43 31 55 0 58 46 34 37 64 58 13 67 49 43 46 22 31 16 58 64 28 19 40 46
49 16 46 58 25 46 10 28 10 16 46 55 16 40 43 61 10 40 52 22 46 43 55 40 43 55 43 40 16 43 0 43 16 49 22 55 46 22 13 25 49 67 67 28 10 55 40 19 58 61
13 58 13 22 31 19 34 52 19 -1 22 67 49 13 16 61 37 34 46 46 28 49 55 34 49 67 16 49 46 64 49 0 49 25 67 67 37 13 37 40 58 67 52 64 46 49 25 34 55 43
52 55 52 31 58 31 22 13 16 58 67 28 13 25 19 37 31 34 40 16 37 19 19 55 34 34 64 67 58 34 43 46 0 13 34 25 37 64 25 52 67 31 28 49 34 16 19 52 28 43
25 67 43 58 25 52 52 37 13 49 37 34 -1 10 43 31 52 58 58 58 22 46 22 34 22 13 28 40 13 67 10 1 49 0 43 -1 55 61 67 13 40 58 -1 34 64 22 37 52 40 25
-1 64 58 34 25 52 31 67 22 40 61 43 46 10 37 67 22 49 22 67 28 37 13 16 -1 43 22 64 64 10 67 25 -1 67 0 31 22 61 22 46 10 37 25 37 -1 67 19 43 10 64
22 49 55 25 31 61 34 55 46 13 58 28 13 46 67 43 22 28 21 25 16 55 49 13 22 43 28 25 40 67 16 37 67 22 34 0 -1 46 13 67 31 -1 49 37 -1 40 64 22 28 40
31 -1 37 22 10 64 25 -1 43 49 61 52 13 52 10 25 52 28 43 58 67 55 31 37 52 22 40 49 61 58 58 31 37 37 -1 22 0 40 43 13 28 61 34 22 13 49 37 13 37 22
55 28 34 19 10 1 -1 55 49 46 16 55 46 10 31 22 28 61 22 64 34 67 64 43 22 -1 13 16 58 28 34 40 49 58 55 16 16 0 16 28 34 58 67 25 49 31 67 61 -1 28
43 55 52 40 64 34 40 67 -1 37 22 58 55 55 49 49 10 31 40 40 34 31 67 34 22 67 55 19 22 16 67 40 61 13 40 10 -1 25 0 46 -1 13 13 28 58 25 31 22 61 34
49 31 34 16 -1 22 28 25 19 22 46 13 13 58 25 19 16 31 67 64 -1 16 34 -1 41 28 31 46 22 55 34 55 61 40 19 46 10 40 61 0 34 34 43 46 13 55 37 13 34 67
64 61 16 10 34 -1 40 64 22 64 22 13 46 22 43 34 43 22 -1 13 10 52 31 67 67 22 67 22 67 52 49 61 52 49 19 64 67 13 34 61 0 37 58 58 61 52 -1 40 16 64
55 52 -1 22 40 16 10 22 22 64 28 19 13 -1 22 25 43 52 37 28 64 37 61 64 10 16 46 55 10 22 34 58 22 13 13 49 25 58 55 52 -1 0 40 64 19 43 52 13 -1 37
-1 13 19 16 40 16 64 55 19 40 55 46 31 13 28 61 16 40 49 46 10 31 37 31 10 49 19 10 43 55 61 43 19 55 28 -1 22 64 -1 52 55 25 0 25 13 19 52 40 16 10
43 52 52 49 55 10 31 22 49 67 37 43 -1 64 58 22 13 64 64 34 43 37 31 67 22 10 28 61 55 -1 28 -1 16 13 10 64 64 13 34 64 34 34 13 0 28 34 67 40 40 37
-1 25 37 22 13 28 25 58 19 61 67 52 55 28 49 37 46 19 46 43 19 31 13 13 67 55 19 19 -1 46 25 67 22 16 61 67 46 37 58 31 40 46 46 22 0 58 46 22 28 28
61 25 49 25 34 64 37 16 40 37 34 43 -1 64 31 25 13 28 46 19 52 52 40 22 25 52 55 52 28 28 34 64 13 52 49 13 28 10 19 10 58 31 22 46 64 0 22 55 19 67
55 28 25 28 58 64 10 22 40 22 37 22 43 40 40 58 -1 22 43 43 37 52 43 31 64 16 25 58 61 67 -1 25 43 22 31 10 13 58 16 55 31 64 61 31 16 49 0 22 52 28
19 16 13 -1 19 46 52 37 46 28 28 40 64 22 10 19 67 55 67 52 13 43 52 22 55 49 28 43 25 46 28 22 43 40 40 64 28 37 31 10 43 67 49 19 34 37 31 0 19 40
37 46 13 61 61 28 61 61 25 55 46 61 67 22 67 34 64 64 40 52 55 31 46 52 28 22 58 -1 10 46 58 61 67 37 -1 25 55 31 55 49 19 49 22 -1 61 28 37 55 0 10
10 -1 55 28 37 10 31 40 13 58 34 58 40 -1 64 64 61 19 58 34 43 43 28 46 28 67 67 25 40 31 -1 40 22 25 67 37 55 19 13 49 31 22 43 25 16 49 46 43 10 0