50
0 57 78 46 30 39 38 15 65 63 75 63 36 72 12 50 39 70 38 34 28 30 23 68 12 38 80 33 74 36 67 64 77 56 73 59 26 48 21 59 64 78 34 33 35 64 79 49 11 77
42 0 11 56 17 11 47 69 62 46 43 78 23 17 10 38 67 60 18 53 32 72 65 67 17 74 69 75 26 35 69 59 18 21 19 19 79 60 24 39 63 50 16 58 68 21 71 64 65 14
55 60 0 41 20 79 57 28 39 56 11 42 21 43 56 80 45 73 62 75 57 80 57 64 80 19 53 52 12 31 47 33 51 13 17 22 57 15 27 43 47 51 41 19 15 77 11 10 78 20
50 15 30 0 11 23 47 69 62 70 52 49 76 61 59 42 11 78 40 62 38 69 28 65 78 59 26 52 14 36 49 43 61 61 64 40 49 61 54 74 46 49 35 12 53 32 55 51 40 48
37 80 56 80 0 53 73 42 31 77 17 63 19 33 16 38 19 43 71 66 50 52 62 52 59 57 74 11 33 25 56 21 18 46 39 20 40 24 17 56 42 14 68 54 24 39 64 16 25 39
48 75 67 27 22 0 31 73 12 78 15 68 53 32 16 43 19 52 52 36 76 40 45 62 57 11 64 58 47 47 80 70 59 53 76 12 57 50 12 50 57 56 50 16 59 11 74 33 17 23
17 59 13 15 62 15 0 17 14 66 50 20 22 48 31 19 27 18 75 11 53 25 36 48 42 23 36 56 79 71 36 10 20 30 76 63 77 38 46 12 45 64 46 26 63 29 59 67 11 75
49 52 37 19 12 30 43 0 72 15 59 49 14 72 42 31 23 43 62 36 76 45 56 28 20 33 40 14 20 62 17 10 29 70 58 32 16 14 25 16 76 52 64 18 41 39 56 28 65 67
70 79 55 30 50 19 54 49 0 40 66 55 14 75 78 74 30 21 39 44 61 65 59 66 54 39 64 75 13 79 61 73 17 73 19 50 26 13 56 76 61 17 31 68 79 54 56 41 76 19
67 72 62 28 32 18 70 59 40 0 13 79 66 30 77 57 20 40 50 13 11 18 72 53 41 27 33 24 68 25 79 52 27 46 76 33 30 22 29 61 24 71 28 76 31 68 54 69 60 74
30 36 46 45 79 29 43 20 37 32 0 13 48 66 74 76 49 58 55 74 75 41 80 40 25 26 28 47 16 32 45 60 71 66 76 24 20 73 20 34 11 40 12 24 37 54 65 77 25 70
15 23 57 70 47 52 76 23 74 53 33 0 23 78 15 71 57 50 48 45 50 46 64 49 75 55 64 68 15 11 43 68 38 74 72 39 78 23 47 23 19 51 77 13 29 77 23 60 46 63
22 41 10 11 46 71 28 52 31 47 80 53 0 57 18 36 31 62 73 12 50 41 14 17 26 40 21 45 55 10 62 80 56 18 55 70 40 39 30 54 71 80 25 15 33 55 46 77 45 26
58 61 75 13 35 50 57 26 39 49 30 41 54 0 30 64 49 58 14 29 64 47 42 24 54 50 18 52 70 69 77 28 76 15 56 79 13 61 14 55 18 14 12 69 79 73 47 62 35 58
40 15 44 77 34 36 23 13 48 43 21 30 14 41 0 57 45 30 57 17 23 18 14 58 68 22 39 46 49 59 27 26 12 57 58 13 61 59 69 63 29 74 46 76 11 48 63 65 63 25
17 64 28 27 15 17 68 25 78 73 16 37 26 76 21 0 42 47 25 63 12 24 52 10 21 37 14 71 14 39 58 19 44 59 39 26 23 32 13 40 28 63 37 35 59 11 69 72 19 29
57 75 35 73 70 54 69 16 74 47 45 76 38 45 24 30 0 46 56 46 21 51 20 33 18 48 26 28 40 52 13 33 19 76 21 37 29 38 40 72 58 18 22 26 73 38 15 65 68 77
58 60 18 57 71 57 54 33 53 10 39 12 62 12 37 74 60 0 50 64 50 14 21 40 42 31 72 72 32 52 32 73 10 30 53 10 77 15 72 63 65 51 23 63 16 40 50 54 58 56
50 25 21 64 41 79 33 36 74 22 77 71 67 15 48 58 60 31 0 11 51 80 62 24 26 72 75 73 27 18 61 68 78 57 39 56 23 74 29 22 71 32 27 40 48 58 20 50 73 19
21 62 78 51 47 68 52 33 72 36 56 53 76 32 14 24 61 80 21 0 32 44 30 42 38 18 32 18 65 73 75 68 65 25 19 37 18 33 35 23 56 52 41 74 64 29 30 25 79 31
20 51 36 21 33 39 68 48 30 68 48 51 40 70 54 37 80 40 27 27 0 80 45 68 44 29 11 54 32 75 36 24 72 62 45 80 16 76 80 30 46 23 78 21 22 64 18 45 10 31
72 20 66 48 67 39 22 56 11 24 24 40 41 16 49 66 14 45 57 46 25 0 52 33 62 38 43 25 71 28 34 32 77 12 53 67 76 38 26 63 16 11 56 40 34 79 40 63 58 50
43 79 75 27 54 46 59 11 35 23 59 68 28 31 77 24 29 64 58 75 40 12 0 63 29 37 40 41 15 17 70 57 32 27 80 25 68 72 66 13 76 33 28 16 20 75 42 64 75 38
15 66 48 58 79 49 68 12 34 59 32 43 75 71 18 79 78 11 47 75 49 33 67 0 47 72 27 22 62 54 25 36 21 59 52 31 64 50 33 47 19 58 56 67 44 11 77 22 23 28
38 40 75 74 57 35 46 62 73 63 55 60 31 34 38 34 16 73 56 21 34 42 25 48 0 37 12 75 40 22 38 30 76 17 46 38 78 62 29 22 41 21 58 65 25 56 64 52 23 41
79 61 25 69 11 23 59 38 59 51 17 57 80 23 42 72 32 16 27 24 67 71 71 20 48 0 50 39 75 63 21 11 47 46 80 31 80 37 48 73 26 22 59 39 61 18 38 44 72 19
70 79 60 52 75 13 66 80 58 73 57 59 47 10 33 38 22 11 18 47 18 22 80 28 39 43 0 31 17 62 62 11 39 24 55 75 72 40 10 63 34 19 59 59 24 58 37 16 27 26
53 33 11 48 58 36 32 36 59 23 70 45 35 21 57 44 40 30 64 16 26 10 36 26 58 25 80 0 58 54 29 46 69 55 73 23 14 24 43 26 56 51 72 27 46 17 63 41 52 30
25 33 70 32 77 37 49 72 13 50 14 30 21 61 15 29 18 59 73 55 53 30 33 65 68 63 10 42 0 50 48 54 76 18 57 49 10 19 32 57 18 55 15 64 34 50 27 27 60 16
24 26 78 78 55 11 30 15 71 61 20 50 11 73 56 66 36 38 22 10 34 79 24 17 45 67 78 31 15 0 32 34 36 57 11 80 40 30 58 38 37 34 69 80 24 70 11 34 55 44
35 22 12 10 67 77 59 31 17 74 37 57 54 30 37 73 38 29 42 75 66 69 30 57 21 27 58 54 32 35 0 29 76 56 41 68 36 62 36 51 49 29 52 23 20 78 43 60 78 12
14 28 76 45 43 66 58 43 49 18 45 63 40 68 50 40 46 72 53 44 25 17 65 11 68 36 70 52 33 52 30 0 25 25 36 47 37 20 68 35 41 59 27 44 65 77 43 33 79 31
24 17 28 35 61 65 67 11 13 59 12 58 35 77 38 66 70 26 67 40 17 71 32 26 50 76 20 74 12 15 46 58 0 56 63 80 72 38 60 44 72 64 22 28 73 32 65 36 70 71
33 50 42 53 36 16 63 33 54 22 42 17 13 47 34 36 45 28 29 31 30 59 46 12 71 69 24 62 32 47 10 29 17 0 46 52 29 36 14 77 80 38 27 63 10 43 38 54 58 42
59 76 56 64 65 14 57 59 11 22 22 13 14 21 69 43 37 31 30 39 14 41 72 36 72 57 39 65 68 61 59 66 46 75 0 76 23 72 57 49 42 45 43 58 22 78 76 50 35 51
58 43 14 77 69 46 58 16 36 64 23 48 18 54 76 53 21 64 67 62 54 28 60 49 43 51 34 68 64 50 80 18 13 33 22 0 74 29 25 43 47 42 54 62 72 40 18 29 74 24
42 50 28 62 42 32 45 38 41 13 42 80 14 29 26 48 11 36 62 70 64 64 70 53 41 37 39 80 52 64 43 76 41 61 52 30 0 10 48 21 53 56 47 60 66 73 56 60 25 36
44 64 44 71 64 24 64 69 80 24 59 34 19 63 22 41 26 65 75 51 17 72 69 17 28 80 56 26 71 19 54 23 33 67 73 61 66 0 22 14 39 41 48 16 61 74 36 21 27 10
14 79 61 16 67 32 27 52 21 60 21 74 39 80 50 36 43 43 78 11 44 75 18 54 69 24 12 25 21 12 70 52 35 66 50 12 48 46 0 25 34 73 59 32 49 24 27 12 63 62
28 61 39 18 35 13 49 11 62 37 46 16 13 20 55 76 74 27 62 44 73 44 33 17 43 59 11 65 41 56 40 72 50 74 72 34 41 11 10 0 49 34 35 29 69 61 77 75 71 33
70 32 21 74 65 36 12 11 72 74 68 50 54 47 13 57 29 54 22 77 65 64 13 75 34 29 73 54 68 16 27 35 20 15 12 25 63 40 13 77 0 15 79 10 76 42 24 57 62 33
40 31 10 55 30 46 38 31 43 15 57 39 26 72 17 37 59 42 14 27 75 43 36 41 46 32 77 52 49 48 65 67 48 20 28 76 18 68 67 32 20 0 60 31 70 37 36 75 54 12
68 63 36 24 44 74 20 23 34 39 22 54 28 46 15 44 43 13 41 45 69 80 66 40 44 40 74 45 70 53 43 50 49 17 65 62 77 44 27 74 75 27 0 21 34 59 78 67 58 60
32 59 49 33 22 28 55 24 67 61 36 16 28 66 80 33 31 20 17 66 44 17 28 14 40 36 19 26 23 56 11 41 67 56 39 41 11 39 27 80 20 53 62 0 66 73 23 27 30 39
61 30 42 53 60 58 17 34 19 60 65 80 73 58 17 46 22 46 37 35 58 55 54 67 24 55 39 37 41 67 22 65 62 49 55 78 64 27 26 29 16 72 31 14 0 34 55 38 77 21
69 73 13 16 44 28 65 58 78 71 79 48 43 42 69 26 38 31 32 53 80 36 28 59 40 33 60 26 35 76 36 34 40 76 38 33 31 11 41 69 54 20 77 30 51 0 56 12 61 22
45 72 26 44 46 17 65 38 80 56 10 18 41 46 54 65 74 25 44 35 26 62 31 37 20 76 64 32 15 75 52 64 19 27 24 27 37 79 78 25 77 54 57 41 57 57 0 65 30 57
34 76 35 31 27 46 63 80 23 64 60 50 57 60 76 65 73 22 48 78 53 80 65 32 14 24 49 69 25 56 15 25 50 50 23 78 20 51 13 36 39 54 57 20 74 30 80 0 17 39
34 52 46 39 26 22 21 64 44 52 35 50 54 12 46 18 48 38 79 71 45 31 74 53 70 67 67 16 20 39 26 17 55 61 77 37 23 16 70 80 29 20 71 73 13 69 62 31 0 13
75 78 20 60 20 80 26 17 21 58 41 41 37 29 37 30 64 18 55 64 38 44 39 46 10 54 57 79 33 10 20 51 30 74 75 26 13 37 70 78 44 41 65 33 24 79 33 19 80 0